# Created by Octave 3.6.4, Mon Sep 30 20:43:27 2013 EDT <haogao@Haos-MacBook-Pro.local>
# name: Ypred_SD
# type: matrix
# rows: 31
# columns: 1
 0.2002736360721276
 4.683732180844334
 1.792346208199965
 4.203341402136639
 0.2417382447893615
 5.558996473874704
 3.667997947046927
 3.097952961347495
 1.219944987604359
 4.074434002774304
 6.505796851941722
 6.658290601814589
 2.094516334554501
 6.324103390616257
 3.864240967983902
 3.42883056255764
 6.743315758808719
 5.510614041176586
 -1.765679166780286
 6.091601367262778
 0.1042830639044721
 6.17871680793533
 -0.167650560970809
 -1.620852908003864
 2.764080295096663
 -0.07993073587731603
 1.112498450195861
 1.714335105781799
 0.4936077189143988
 6.513589099483555
 -1.52323152581143


