# Created by Octave 3.6.4, Mon Sep 30 20:44:59 2013 EDT <haogao@Haos-MacBook-Pro.local>
# name: Ypred_LMS
# type: matrix
# rows: 31
# columns: 1
 0.1924848132354828
 4.67513618783461
 1.79686119955665
 4.195443205440568
 0.2449777010254399
 5.565299375028568
 3.660849474668298
 3.086512361685354
 1.224049537582949
 4.06210762008334
 6.512396908258074
 6.646173210175919
 2.084146714850435
 6.31275949920366
 3.86988588885372
 3.417072683043918
 6.729881982477469
 5.497302179465645
 -1.767890709603559
 6.080711847955509
 0.1016999700613668
 6.165155720807068
 -0.1648635949910675
 -1.620991984548623
 2.752977552722685
 -0.08724515192841498
 1.103355818920002
 1.709758184918656
 0.485355337242418
 6.50002240547555
 -1.527012160297338


