# Created by Octave 3.6.4, Mon Sep 30 20:35:06 2013 EDT <haogao@Haos-MacBook-Pro.local>
# name: Ypred_NE
# type: matrix
# rows: 31
# columns: 1
 -0.6474619677372613
 2.883173476274088
 3.378032681821825
 2.332293456072012
 1.73508320935121
 5.544002583966659
 1.790446479132296
 3.576063554079266
 2.836185704882109
 4.983258236676551
 5.772493361776938
 6.29085491907444
 2.086007924081264
 5.465609383876451
 4.837954642097639
 4.060408009954917
 7.626817594935697
 6.825472280210866
 -2.366198072490995
 4.996894996310488
 -0.3755234230125382
 7.465075243862226
 1.194284355590931
 -1.470434964476929
 3.082471236872855
 -1.019675074879607
 0.6375214444996662
 0.3305245188564818
 -0.2444992409578157
 7.650380373448417
 -2.481901212494298


