# Created by Octave 3.6.4, Thu Sep 19 00:14:25 2013 EDT <haogao@Haos-MacBook-Pro.local>
# name: Pred_per
# type: matrix
# rows: 100
# columns: 1
 1
 0
 1
 1
 1
 1
 1
 1
 1
 0
 1
 0
 1
 1
 1
 0
 1
 1
 0
 1
 1
 1
 1
 1
 0
 1
 0
 1
 1
 1
 1
 1
 1
 1
 1
 1
 1
 0
 0
 1
 1
 1
 0
 0
 1
 1
 0
 0
 1
 1
 1
 1
 0
 1
 1
 1
 0
 0
 1
 1
 1
 0
 1
 1
 0
 0
 0
 1
 1
 1
 1
 1
 1
 1
 1
 1
 1
 1
 1
 0
 0
 0
 1
 1
 1
 1
 1
 1
 1
 1
 1
 0
 1
 1
 0
 1
 1
 1
 0
 1


